Warunek;Wiek;wykszalcenie;status zwiazku;Ocena;samocena
1;37;4;1;8;35
1;35;4;0;7;33
0;30;4;2;7;27
0;32;4;1;6;36
1;33;4;1;6;35
1;33;4;1;7;30
0;35;4;1;6;32
1;37;4;1;5;30
0;47;4;1;3;39
0;43;4;1;5;28
1;41;4;1;5;28
0;37;4;0;8;30
1;24;3;2;6;29
0;21;3;2;5;28
0;20;3;0;3;29
0;20;3;2;4;34
1;20;3;0;5;35
1;19;3;0;5;36
0;20;3;2;6;30
1;21;3;0;3;35
0;20;3;2;4;32
0;22;3;2;3;33
1;22;2;2;3;32
1;24;4;1;4;32
1;20;2;2;3;33
0;18;2;0;3;35
0;45;4;1;7;31
0;44;4;1;2;34
0;21;3;0;5;30
0;21;3;0;4;30
1;26;4;0;4;30
1;23;3;0;8;28
0;22;2;0;6;35
0;22;3;2;3;25
1;21;3;2;3;34
0;22;2;0;4;35
1;44;4;1;6;34
0;43;4;1;6;34
1;34;2;1;6;32
1;38;4;1;7;33
1;21;2;0;6;28
1;18;0;0;5;32
1;24;3;2;2;23
0;23;3;0;7;28
1;38;4;1;7;31
1;26;2;2;5;37
0;55;4;1;9;30
0;23;3;0;5;27
1;19;0;0;7;25
0;23;4;0;5;28
1;21;0;1;4;28
1;18;0;0;8;28
1;19;0;0;5;22
0;18;0;2;2;28
0;19;0;0;4;18
1;19;0;2;3;30
1;19;0;0;7;30
0;18;0;0;6;32
0;18;0;2;3;33
0;18;0;2;4;30
1;18;0;0;3;36
0;22;3;2;4;30
1;29;4;2;5;34
0;28;4;2;6;28
1;21;3;2;4;27
1;22;3;0;8;12
0;34;2;1;4;30
1;20;3;0;4;26
0;21;1;0;6;27
0;40;1;0;5;30
;;;;;
;;;;;
